1.842080,4.607570,1.420157,0.000000
5.658580,4.799960,0.743352,1.000000
6.352580,3.290850,0.335779,1.000000
2.904020,4.612200,1.222641,0.000000
3.231980,4.939890,0.878161,0.000000
1.247920,4.932680,1.492109,0.000000
1.976200,4.434900,0.890102,0.000000
2.234540,5.055470,1.328535,0.000000
2.983410,4.840460,1.605505,0.000000
2.979700,4.806710,1.895930,0.000000
2.114960,5.373740,1.324176,0.000000
2.121700,5.208540,1.728911,0.000000
1.514350,4.770030,1.700258,0.000000
2.169790,5.274350,0.834972,0.000000
0.418520,4.883130,1.256205,0.000000
2.470540,4.804190,0.165088,0.000000
4.060690,4.995040,0.595135,0.000000
3.007090,4.678980,1.628358,0.000000
0.666320,4.871880,1.486751,0.000000
3.162190,4.836580,1.275628,0.000000
0.511550,4.910530,0.357113,0.000000
3.134280,4.961780,0.831417,0.000000
2.049750,5.624140,0.708648,0.000000
0.665830,5.243990,0.441820,0.000000
1.017320,4.844740,1.289503,0.000000
2.178940,5.297590,1.397762,0.000000
2.859630,5.260420,0.525193,0.000000
1.308830,5.301590,1.704173,0.000000
0.992530,5.015670,1.077155,0.000000
1.403730,4.575280,1.151258,0.000000
2.660470,5.196240,1.339436,0.000000
2.799960,5.115260,0.126869,0.000000
2.069950,4.684670,0.092031,0.000000
3.297650,5.592060,0.272699,0.000000
1.892980,4.890430,0.307771,0.000000
2.559830,5.263980,0.790765,0.000000
1.153540,4.678670,0.891594,0.000000
2.251510,5.445000,1.594061,0.000000
2.209600,4.914690,1.393122,0.000000
1.591420,4.832130,1.117581,0.000000
1.678380,5.269040,1.190957,0.000000
2.591490,4.925930,0.073687,0.000000
2.809960,5.538500,1.989927,0.000000
0.953120,5.580370,0.227398,0.000000
1.517750,5.038370,1.765008,0.000000
3.231140,5.784300,0.616678,0.000000
2.541800,4.810990,0.874195,0.000000
3.814230,4.735270,1.984387,0.000000
1.684960,4.596440,1.024894,0.000000
2.177770,4.861540,0.828589,0.000000
1.817330,5.133340,0.625233,0.000000
1.857770,4.869620,0.464415,0.000000
3.030840,5.240580,1.489028,0.000000
2.926580,5.096680,0.836918,0.000000
3.434940,5.340810,1.916505,0.000000
3.203670,4.859250,0.307792,0.000000
0.105120,4.729160,1.499512,0.000000
1.405980,5.066370,1.397703,0.000000
2.241850,4.924460,1.095898,0.000000
1.366780,5.261610,0.675053,0.000000
1.707250,4.042310,0.737658,0.000000
1.919100,5.578480,1.883614,0.000000
1.601570,4.644530,1.312617,0.000000
0.379630,5.261950,0.341666,0.000000
2.021350,4.412670,0.014969,0.000000
1.120370,5.208810,0.586657,0.000000
2.269010,4.618190,1.702235,0.000000
-0.245130,5.740190,1.703239,0.000000
2.128580,5.011500,0.232822,0.000000
1.844200,5.031540,1.607235,0.000000
2.325580,4.748680,0.240506,0.000000
1.523340,4.879160,0.230680,0.000000
1.022850,5.010510,1.494511,0.000000
1.853830,5.007520,0.321459,0.000000
2.203220,4.945160,0.948126,0.000000
1.201000,4.578300,0.606244,0.000000
1.020630,4.629910,1.279914,0.000000
1.604930,5.136630,1.537585,0.000000
0.476470,5.135360,1.588684,0.000000
0.363920,4.733330,1.656301,0.000000
0.313200,5.546950,1.515957,0.000000
2.286650,5.007670,0.965626,0.000000
2.154600,5.462830,0.588244,0.000000
2.052890,4.779590,0.462299,0.000000
4.888040,5.506710,1.991522,1.000000
2.403050,5.081470,1.109300,0.000000
2.568690,5.206880,1.766139,0.000000
1.829760,4.596570,1.350283,0.000000
0.548450,5.026730,0.813135,0.000000
3.171100,5.594650,0.678815,0.000000
3.042020,5.007580,0.236961,0.000000
2.404280,5.025870,1.445655,0.000000
0.177830,5.297650,1.651692,0.000000
2.614290,5.222870,1.859115,0.000000
2.300980,4.972360,0.148182,0.000000
3.907790,5.094650,1.818215,0.000000
2.056710,5.233910,0.945657,0.000000
1.381330,5.001950,1.119699,0.000000
1.160740,4.677280,0.713280,0.000000
1.728180,5.360280,1.389236,0.000000
3.203610,0.722210,1.204711,2.000000
3.061930,1.571920,1.301209,2.000000
4.017150,1.160710,1.739520,2.000000
1.402610,1.087270,0.048972,2.000000
4.081650,0.872000,0.849356,2.000000
3.152730,0.981560,1.810879,2.000000
3.451860,0.427840,0.989685,2.000000
3.853840,0.792050,1.515774,2.000000
1.574490,1.348110,1.554057,2.000000
4.723720,0.620440,0.981928,2.000000
2.879610,0.754140,1.087192,2.000000
0.967910,1.161670,0.614492,2.000000
1.531780,1.100550,1.373117,2.000000
4.138360,1.247810,1.177226,2.000000
3.161090,1.294230,0.619156,2.000000
2.951770,0.895830,0.956826,2.000000
3.278440,1.750440,1.033887,2.000000
2.127020,0.956720,1.137335,2.000000
3.326490,1.280190,1.919906,2.000000
2.543710,0.957330,0.549581,2.000000
3.233950,1.082020,1.811270,2.000000
4.431530,0.540410,1.963286,2.000000
3.564790,1.117650,0.657160,2.000000
4.255880,0.906440,1.954932,2.000000
4.053870,0.532920,1.703390,2.000000
3.089700,1.088140,1.421632,2.000000
2.847340,0.267590,0.190904,2.000000
3.635860,1.121600,0.747349,2.000000
1.955390,1.321570,1.911086,2.000000
2.883840,0.804550,1.893735,2.000000
3.484440,1.135510,1.046548,2.000000
3.497980,1.100460,1.672636,2.000000
2.455760,0.789050,1.225818,2.000000
3.203800,1.027280,1.031683,2.000000
3.006770,0.625190,1.788418,2.000000
1.965480,1.217310,0.919856,2.000000
2.179890,1.308800,1.590158,2.000000
2.612070,0.990770,1.998558,2.000000
3.955500,0.832690,1.500573,2.000000
3.648460,1.628500,1.779251,2.000000
4.184500,0.453560,0.988927,2.000000
3.787570,1.454430,0.808009,2.000000
3.300640,1.281080,0.219706,2.000000
3.028360,1.356350,0.001284,2.000000
3.184120,1.414110,1.440741,2.000000
4.169120,0.205810,1.648838,2.000000
3.240240,1.148760,1.659328,2.000000
3.915960,1.012260,0.908385,2.000000
2.969800,1.012100,0.802580,2.000000
1.129940,0.770850,1.375628,2.000000
2.717310,0.486980,0.615784,2.000000
3.118900,0.694380,1.498272,2.000000
2.405180,1.117780,0.150397,2.000000
2.958180,1.018870,0.531593,2.000000
1.654560,1.186310,0.976124,2.000000
2.397760,1.247210,1.869242,2.000000
2.284090,0.648650,1.521286,2.000000
2.795890,0.995270,0.686503,2.000000
3.411560,1.159640,1.792353,2.000000
3.506640,0.738780,1.721359,2.000000
3.936160,1.462030,1.526133,2.000000
3.902070,1.277790,0.857772,2.000000
2.610360,0.880280,0.565450,2.000000
4.372720,1.029140,0.089826,2.000000
3.083490,1.196330,0.658813,2.000000
2.115990,0.793040,1.079775,2.000000
2.156530,0.403590,1.461610,2.000000
2.144910,1.135820,1.004967,2.000000
1.849360,1.022330,0.655530,2.000000
4.159080,0.617210,0.702867,2.000000
2.764940,1.431490,1.247581,2.000000
3.905610,1.165750,1.880977,2.000000
2.540720,0.983930,0.493660,2.000000
4.277830,1.180140,1.384068,2.000000
3.310580,1.031240,0.015035,2.000000
2.155210,0.806970,1.090371,2.000000
3.713640,0.458130,0.168549,2.000000
3.540100,0.864460,0.093421,2.000000
1.605200,1.109810,0.527952,2.000000
1.751640,0.688540,0.746791,2.000000
3.124050,0.678220,0.274140,2.000000
2.371990,1.427900,1.721773,2.000000
2.534460,1.215620,1.468227,2.000000
3.683450,1.228350,0.667340,2.000000
3.267010,0.320570,0.125219,2.000000
3.941590,0.825770,1.679142,2.000000
3.264550,1.383690,1.548489,2.000000
4.304710,1.107260,1.068181,2.000000
2.684990,0.353450,1.038485,2.000000
3.126350,1.280690,0.569248,2.000000
2.942940,1.028250,1.064503,2.000000
3.118770,1.332850,1.597298,2.000000
2.023590,0.447720,0.449094,2.000000
3.622030,1.286440,1.873822,2.000000
2.428660,0.864990,1.440915,2.000000
2.095170,1.140100,0.459555,2.000000
5.292390,0.368730,1.184948,2.000000
2.072920,1.167640,0.088570,2.000000
0.946230,0.245220,0.556843,2.000000
2.739120,1.100720,0.108989,2.000000
6.005070,2.727840,0.422361,1.000000
6.056960,2.949700,1.231835,1.000000
6.770130,3.214110,0.949079,1.000000
5.640350,2.693850,1.789881,1.000000
5.633250,2.990020,0.256639,1.000000
6.174430,3.290260,1.338809,1.000000
7.246950,2.968770,1.912228,1.000000
5.581630,3.335100,0.626091,1.000000
5.362720,3.146810,0.731865,1.000000
4.707760,2.787110,0.292328,1.000000
7.428920,3.466790,0.325139,1.000000
6.641070,3.059990,0.044168,1.000000
6.374740,2.562530,0.476447,1.000000
7.287800,2.751800,1.661666,1.000000
6.202950,2.678560,1.735381,1.000000
5.387360,2.267370,1.236859,1.000000
5.667310,2.964780,0.448363,1.000000
6.597020,3.070820,0.981031,1.000000
7.756610,3.156040,1.698743,1.000000
6.632630,3.147990,1.040076,1.000000
5.766350,3.142720,0.068337,1.000000
5.994230,2.757080,0.626038,1.000000
6.378700,2.650220,1.714170,1.000000
5.740360,3.103910,1.512229,1.000000
4.616520,2.793210,1.210258,1.000000
5.335340,3.039290,1.566274,1.000000
5.372940,2.816850,1.424744,1.000000
5.036110,2.924860,1.437366,1.000000
5.529090,3.336820,0.929056,1.000000
6.050870,2.807030,1.512434,1.000000
5.132010,2.198120,1.802104,1.000000
5.732850,2.877380,0.801960,1.000000
6.781110,3.056770,0.443323,1.000000
6.448340,3.352990,1.683354,1.000000
6.399410,2.897570,1.852669,1.000000
5.860680,2.995770,1.407041,1.000000
6.447650,3.165610,0.282024,1.000000
5.367080,3.195030,0.132525,1.000000
5.887360,3.346160,1.849073,1.000000
3.961620,2.720250,0.376912,2.000000
6.284380,3.173610,1.180447,1.000000
4.205850,2.816470,1.245705,1.000000
5.326160,3.033140,1.371310,1.000000
7.171350,3.412270,1.927340,1.000000
7.494930,2.840190,1.470537,1.000000
7.398070,3.484870,1.341733,1.000000
5.024330,2.986830,0.569024,1.000000
5.317120,2.817410,0.411618,1.000000
5.876550,3.216610,1.565537,1.000000
6.037630,2.683040,1.631431,1.000000
5.912800,2.856320,1.053440,1.000000
6.694510,2.890560,1.289002,1.000000
6.010180,2.724010,1.129123,1.000000
6.927220,3.199600,1.030597,1.000000
6.335600,3.308640,1.601751,1.000000
6.242570,2.791790,1.863390,1.000000
5.578120,3.247660,1.048409,1.000000
6.407740,2.675550,0.189222,1.000000
6.800300,3.175800,0.515807,1.000000
7.216840,2.728970,1.187693,1.000000
6.511010,2.727320,0.809656,1.000000
4.606310,3.329460,1.440705,1.000000
7.655030,2.870960,1.853381,1.000000
5.502960,2.629250,1.776662,1.000000
6.630610,3.015020,0.479737,1.000000
3.459280,2.684780,0.667814,2.000000
8.203400,2.416930,0.981132,1.000000
4.956790,2.897760,0.477880,1.000000
5.370530,2.449550,0.695280,1.000000
5.697980,2.949770,0.925026,1.000000
6.273760,2.242560,1.174595,1.000000
5.052750,2.756920,0.934039,1.000000
6.885760,2.888450,0.386015,1.000000
4.187740,2.892830,1.344800,1.000000
5.975100,3.025920,0.231252,1.000000
6.094570,2.618680,1.419986,1.000000
5.723960,3.044540,0.990437,1.000000
4.372500,3.054880,1.186574,1.000000
6.292060,2.775740,0.231309,1.000000
5.145330,4.132260,1.624180,1.000000
6.587060,3.375080,1.203122,1.000000
5.787690,3.292550,0.066846,1.000000
6.727980,3.004400,1.007309,1.000000
6.640790,2.410690,1.170299,1.000000
6.232290,2.728510,0.385973,1.000000
6.217730,2.809950,0.261392,1.000000
5.781160,3.079880,0.311477,1.000000
6.624470,2.744540,1.349531,1.000000
5.195910,3.069730,1.073426,1.000000
5.871770,3.255180,1.202663,1.000000
5.895620,2.898440,0.876127,1.000000
5.617540,2.597510,0.603256,1.000000
5.631760,3.047590,0.470714,1.000000
5.502590,3.118690,1.728343,1.000000
6.482130,2.550850,1.913939,1.000000
7.302790,3.380160,1.425696,1.000000
6.991980,2.987070,0.197825,1.000000
4.825530,2.779620,1.634177,1.000000
6.117680,2.854760,1.575161,1.000000
0.940490,5.715570,0.902122,0.000000
